0,574
0,573
0,273
0,270
0,572
0,386
3,2
3,1
3,3
10,242
10,212
10,182
10,200
10,250
10,252
10,158
10,256
10,2
10,3
11,19
11,6
11,2
11,3
9,7
9,4
9,1
9,6
8,12
8,9
8,17
8,2
8,3
74,4
74,3
74,2
74,1
74,0
54,3
54,1
53,3
53,1
50,5
50,4
50,3
50,2
50,1
50,0
49,5
49,4
49,3
49,2
49,1
49,0
44,4
44,3
44,2
44,1
42,5
42,4
18,3
42,3
42,1
40,3
14,1
40,1
14,3
39,3
13,1
39,1
13,3
26,3
26,1
20,3
20,2
20,1
19,3
19,2
19,1
18,1
12,3
12,2
12,1
11,28
11,27
11,26
11,25
11,24
11,23
11,22
11,21
11,20
11,18
11,17
11,16
11,15
11,14
11,13
11,12
11,11
11,10
11,1
11,9
10,222
10,170
10,166
10,124
10,116
10,82
10,1
2,2
